00000000000000001001000000100001
00000000000010111011000000100001
00000000000010101000100000100001
00000001001100100000100000101010
00010100001000000000000000011100
00100010010100100000000000000001
00000000000101100101100000100001
00000000000100010101000000100001
00000000000000001001100000100001
00000000000000001010000000100001
00100010011100110000000000000001
00000001001100101100000000100010
00000011000100110000100000101010
00010100001000001111111111110101
10001101010011000000000000000000
10001101010011010000000000000100
00000001101011000000100000101010
00010000001000000000000000001010
00000000000011001010000000100001
00000000000011010110000000100001
00000000000101000110100000100001
10101101011011000000000000000000
10101101011011010000000000000100
10101101010011000000000000000000
10101101010011010000000000000100
00100001011010110000000000000100
00100001010010100000000000000100
00001000000100000000000000011101
10101101011011000000000000000000
10101101011011010000000000000100
00100001010010100000000000000100
00100001011010110000000000000100
00001000000100000000000000011101
00000000000101100101100000100001